1.6937217712402344
1.804796814918518
1.3490420579910278
1.2495344877243042
1.1476880311965942
1.0452234745025635
0.9014277458190918
0.8231223225593567
0.7702338099479675
0.7638469338417053
0.7269899845123291
0.6762316823005676
0.6861010789871216
0.6794531941413879
0.6493023633956909
0.6814282536506653
0.6804839968681335
0.63909912109375
0.6844019293785095
0.6441329717636108
0.6449835300445557
0.6213643550872803
0.6018608212471008
0.5821892023086548
0.5784146785736084
0.5963153839111328
0.5678557753562927
0.5512580871582031
0.6037811636924744
0.5698877573013306
0.5480352640151978
0.5719140768051147
0.5703803300857544
0.5802547931671143
0.5766149759292603
0.5832362174987793
0.5831477046012878
0.5787332057952881
0.5828956365585327
0.6273101568222046
0.5841567516326904
0.5830267667770386
0.5382118821144104
0.5729330778121948
0.6548575162887573
0.5550249218940735
0.5983532667160034
0.583939790725708
0.5686841011047363
0.5468412637710571
0.5753641724586487
0.5579209327697754
0.4972974956035614
0.5479443669319153
0.5166855454444885
0.491330623626709
0.49600303173065186
0.4955916702747345
0.4918866455554962
0.48041999340057373
0.4971422851085663
0.4816809892654419
0.5549034476280212
0.5256511569023132
0.48844626545906067
0.47806301712989807
0.4838113486766815
0.47146332263946533
0.46137598156929016
0.4455360174179077
0.4279082417488098
0.5358566641807556
0.5062587857246399
0.5203937292098999
0.48485997319221497
0.5052401423454285
0.503156840801239
0.5019786953926086
0.5237114429473877
0.538635790348053
0.5414371490478516
0.5545191168785095
0.5600432753562927
0.4932863116264343
0.4679020941257477
0.49365758895874023
0.5389794707298279
0.542902946472168
0.5789054036140442
0.5782915353775024
0.5378873348236084
0.5106261968612671
0.516783595085144
0.5557104349136353
0.5455107092857361
0.47210693359375
0.4692144989967346
0.4880164861679077
0.4638347923755646
0.4489187002182007
0.46128931641578674
0.4715471863746643
0.46167266368865967
0.46203523874282837
0.4379746913909912
0.5143815279006958
0.514203667640686
0.46300914883613586
0.4601740539073944
0.4580347239971161
0.49951040744781494
0.46168047189712524
0.4279190003871918
0.4396352469921112
0.48226335644721985
0.45861002802848816
0.48614251613616943
0.4462997317314148
0.4719896614551544
0.4864816963672638
0.47278231382369995
0.5383743047714233
0.5466458797454834
0.48671165108680725
0.5534031391143799
0.5692906975746155
0.48527342081069946
0.4674157202243805
0.4561111330986023
0.5207352042198181
0.5159194469451904
0.578984797000885
0.5633005499839783
0.5205833315849304
0.5059201717376709
0.518863320350647
0.540475606918335
0.46623414754867554
0.4649810791015625
0.4461490213871002
0.4418804943561554
0.43591612577438354
0.4103926718235016
0.42245766520500183
0.411988228559494
0.4426209032535553
0.4305807650089264
0.4188368320465088
0.4885709285736084
0.45731598138809204
0.44479310512542725
0.43477603793144226
0.4101867973804474
0.4071071445941925
0.394872784614563
0.3844347298145294
0.39733949303627014
0.4720410704612732
0.4270686209201813
0.4054514765739441
0.45469552278518677
0.44330576062202454
0.48400530219078064
0.4469670057296753
0.4873645007610321
0.46669039130210876
0.4710707664489746
0.705458402633667
0.4931100606918335
0.4545591175556183
0.4200924038887024
0.41488099098205566
0.4873492121696472
0.4956004321575165
0.5278996825218201
0.496916264295578
0.4987437427043915
0.48986831307411194
0.5045173764228821
0.500697135925293
0.4382478594779968
0.4296037256717682
0.41896894574165344
0.41876932978630066
0.42034798860549927
0.3995037078857422
0.40455013513565063
0.41024133563041687
0.37947237491607666
0.40086427330970764
0.3924209475517273
0.48375648260116577
0.42486444115638733
0.4206731915473938
0.40454503893852234
0.39155229926109314
0.36517685651779175
0.3737303614616394
0.3583952784538269
0.42038655281066895
0.43998730182647705
0.413021057844162
0.40696004033088684
0.3973080515861511
0.41360682249069214
0.4271310269832611
0.4569302797317505
0.44036945700645447
0.4526894688606262
0.43735960125923157
0.5209997296333313
0.4561622440814972
0.4266585409641266
0.38328108191490173
0.46938076615333557
0.487307071685791
0.4762480854988098
0.5017234683036804
0.49945417046546936
0.47601112723350525
0.4622957408428192
0.49148139357566833
0.4981568157672882
0.39588338136672974
0.39437445998191833
0.3828328549861908
0.37154915928840637
0.40881380438804626
0.3950013816356659
0.37774282693862915
0.3871448040008545
0.39146336913108826
0.36939072608947754
0.41966450214385986
0.4644777476787567
0.4004080593585968
0.40802666544914246
0.37708133459091187
0.35392531752586365
0.37077319622039795
0.35875096917152405
0.35293832421302795
0.42036211490631104
0.3974194824695587
0.3957120180130005
0.4003881812095642
0.3966499865055084
0.407143771648407
0.40414246916770935
0.41712531447410583
0.42207515239715576
0.42889243364334106
0.43927493691444397
0.48756301403045654
0.4238896071910858
0.41534072160720825
0.3761763274669647
0.47651413083076477
0.48233476281166077
0.4841686487197876
0.5006912350654602
0.48638588190078735
0.46150076389312744
0.4606306552886963
0.4731201231479645
0.47869423031806946
0.3764074146747589
0.3761223554611206
0.3540177345275879
0.35029590129852295
0.36428651213645935
0.3756362199783325
0.36033302545547485
0.3601108491420746
0.3733402192592621
0.35788148641586304
0.46055543422698975
0.444807231426239
0.3811182379722595
0.36933016777038574
0.353850394487381
0.34359118342399597
0.34031280875205994
0.3431844711303711
0.33626171946525574
0.4095456898212433
0.3901626467704773
0.40001633763313293
0.38333168625831604
0.3849259316921234
0.39312800765037537
0.40073856711387634
0.42334145307540894
0.4264785647392273
0.43289750814437866
0.49025264382362366
0.4734448790550232
0.3952796757221222
0.3578307330608368
0.34949442744255066
0.4571424126625061
0.46679598093032837
0.5017019510269165
0.4885045886039734
0.4818766713142395
0.45376208424568176
0.456809937953949
0.48891639709472656
0.46655020117759705
0.35148999094963074
0.3580445647239685
0.35423535108566284
0.3644302785396576
0.3455558121204376
0.3591587245464325
0.3711351752281189
0.367931991815567
0.36042171716690063
0.3412027060985565
0.4470471441745758
0.4411609470844269
0.3659956455230713
0.3561214506626129
0.3407945930957794
0.3295421302318573
0.32661131024360657
0.3289314806461334
0.3341558873653412
0.39688393473625183
0.38206368684768677
0.37809979915618896
0.36722496151924133
0.38614168763160706
0.387315571308136
0.3783877193927765
0.4085138142108917
0.40441152453422546
0.41442468762397766
0.48039308190345764
0.48598411679267883
0.38373124599456787
0.3433856964111328
0.3354480266571045
0.45356157422065735
0.45513543486595154
0.5053744316101074
0.48695850372314453
0.47409194707870483
0.452735960483551
0.45192277431488037
0.48850512504577637
0.378038614988327
0.3630731999874115
0.3480897843837738
0.3466334939002991
0.34480899572372437
0.341224730014801
0.34269723296165466
0.3651070296764374
0.3450118899345398
0.3362092673778534
0.3469030559062958
0.43924403190612793
0.41545242071151733
0.3594718873500824
0.34185174107551575
0.33931291103363037
0.3195870816707611
0.32809358835220337
0.35586217045783997
0.34498462080955505
0.39743638038635254
0.38060465455055237
0.3872760534286499
0.37524211406707764
0.3910861313343048
0.4020872712135315
0.3951496183872223
0.4213586449623108
0.40606388449668884
0.40026524662971497
0.4733313024044037
0.44138824939727783
0.3994130790233612
0.33843934535980225
0.3407471776008606
0.4623900055885315
0.45127102732658386
0.47704505920410156
0.46511897444725037
0.4597105383872986
0.43233540654182434
0.46799054741859436
0.46817946434020996
0.3653956353664398
0.3470451831817627
0.3293240964412689
0.34225234389305115
0.33737605810165405
0.3293014168739319
0.3356064260005951
0.350434273481369
0.3563609719276428
0.34589841961860657
0.3448047637939453
0.4401436746120453
0.3666788339614868
0.3537379205226898
0.33874064683914185
0.320477694272995
0.3143419027328491
0.31382596492767334
0.31212684512138367
0.3561471402645111
0.3855215907096863
0.36678212881088257
0.36873337626457214
0.3626045286655426
0.36648687720298767
0.3729029595851898
0.40184178948402405
0.39841732382774353
0.4021748900413513
0.4196273386478424
0.46767064929008484
0.4222683608531952
0.3702487349510193
0.33561187982559204
0.4552482068538666
0.46010807156562805
0.44921478629112244
0.4823285639286041
0.45183712244033813
0.45126745104789734
0.4359949231147766
0.48450806736946106
0.4480198919773102
0.33987894654273987
0.35710373520851135
0.3496600091457367
0.32667356729507446
0.3486495316028595
0.32836252450942993
0.34221240878105164
0.34657853841781616
0.34667807817459106
0.33509108424186707
0.36969777941703796
0.4166979193687439
0.35109004378318787
0.3450227975845337
0.3285699486732483
0.3506324589252472
0.3009136915206909
0.307942658662796
0.3122026026248932
0.3847704827785492
0.36851805448532104
0.35880565643310547
0.3742348551750183
0.3656536638736725
0.3615253269672394
0.38111138343811035
0.40178996324539185
0.3836524784564972
0.38854894042015076
0.42618516087532043
0.4760865271091461
0.39150235056877136
0.37085622549057007
0.328431636095047
0.4443241059780121
0.47144949436187744
0.4713871479034424
0.47106245160102844
0.45891058444976807
0.44119563698768616
0.44588446617126465
0.46429720520973206
0.45322510600090027
0.33369529247283936
0.3367457985877991
0.32788005471229553
0.331645667552948
0.3237464725971222
0.33388710021972656
0.3353332281112671
0.33190682530403137
0.33407726883888245
0.33426982164382935
0.4232744574546814
0.41533163189888
0.34193211793899536
0.3333412706851959
0.3189603388309479
0.3072502315044403
0.3136860728263855
0.3126048445701599
0.30944153666496277
0.3928690254688263
0.38341912627220154
0.3652791976928711
0.3564387857913971
0.3622870147228241
0.3628043532371521
0.36772042512893677
0.387523889541626
0.38627415895462036
0.4094439446926117
0.4585123062133789
0.46302831172943115
0.38554662466049194
0.34020596742630005
0.322345495223999
0.4521767795085907
0.45015421509742737
0.4841322600841522
0.4797131419181824
0.46153032779693604
0.4333702325820923
0.4253407418727875
0.4519605040550232
0.45071569085121155
0.33129969239234924
0.3244403898715973
0.32226720452308655
0.3170343041419983
0.3244704008102417
0.3168313503265381
0.333514928817749
0.34229832887649536
0.33937251567840576
0.3080882430076599
0.4281291365623474
0.4165773093700409
0.3191222846508026
0.33427533507347107
0.31519222259521484
0.3050418794155121
0.3067231774330139
0.3018789291381836
0.3092637062072754
0.38286784291267395
0.3485354781150818
0.3632347583770752
0.34773850440979004
0.37673449516296387
0.36457765102386475
0.3672736883163452
0.38353773951530457
0.39456960558891296
0.40062689781188965
0.46663030982017517
0.4691580832004547
0.3684779107570648
0.33564141392707825
0.31079649925231934
0.43526697158813477
0.4376770853996277
0.493799090385437
0.4713558256626129
0.45500537753105164
0.4380887746810913
0.42736709117889404
0.464343398809433
0.369017094373703
0.3268184959888458
0.3190283477306366
0.32651665806770325
0.3209506869316101
0.32427844405174255
0.31960830092430115
0.331897109746933
0.3318573832511902
0.3321532905101776
0.31823018193244934
0.424455463886261
0.38594192266464233
0.3316382169723511
0.3141387104988098
0.305787056684494
0.31182605028152466
0.2965710461139679
0.3025566637516022
0.30309927463531494
0.3724358081817627
0.35106945037841797
0.3553151488304138
0.33689743280410767
0.36932137608528137
0.3599092364311218
0.3766106963157654
0.38988110423088074
0.38546377420425415
0.39768263697624207
0.46515899896621704
0.39517638087272644
0.34646663069725037
0.327069491147995
0.3184206187725067
0.44376417994499207
0.4487990140914917
0.476988822221756
0.44690319895744324
0.44028064608573914
0.42368051409721375
0.4659390151500702
0.4450671672821045
0.34408703446388245
0.33993053436279297
0.306112676858902
0.3297632932662964
0.3253556787967682
0.30852875113487244
0.3265431821346283
0.3259790539741516
0.3268727660179138
0.3252277374267578
0.3158724308013916
0.4111049771308899
0.3261827826499939
0.3286004066467285
0.29257091879844666
0.30683982372283936
0.3025268316268921
0.29340946674346924
0.3015662729740143
0.3468315899372101
0.38610783219337463
0.3523440957069397
0.36627912521362305
0.3469058573246002
0.3529256582260132
0.3663654923439026
0.39542579650878906
0.37618783116340637
0.38500943779945374
0.4326308071613312
0.4677082300186157
0.3935985565185547
0.3619902729988098
0.33393630385398865
0.43877366185188293
0.4636494815349579
0.4378211796283722
0.4727385640144348
0.4578724801540375
0.45154181122779846
0.4382115304470062
0.46483543515205383
0.43819427490234375
0.32112932205200195
0.3046857714653015
0.32181599736213684
0.3320593237876892
0.33181890845298767
0.3144185543060303
0.32879725098609924
0.32367315888404846
0.3359866738319397
0.3279385566711426
0.3475307822227478
0.3884752094745636
0.3292902112007141
0.31431344151496887
0.2999744713306427
0.3068356215953827
0.3019929528236389
0.29499006271362305
0.2885597050189972
0.38285866379737854
0.36326345801353455
0.34558120369911194
0.34521177411079407
0.34905749559402466
0.3543533682823181
0.3672659397125244
0.3904866874217987
0.3865653872489929
0.39463815093040466
0.3992263674736023
0.4557008743286133
0.36855360865592957
0.3512498438358307
0.31870147585868835
0.43513938784599304
0.46436837315559387
0.45332276821136475
0.477807879447937
0.43650004267692566
0.4277022182941437
0.43596598505973816
0.45186111330986023
0.44209960103034973
0.32431381940841675
0.30873358249664307
0.3278118073940277
0.3190016746520996
0.31771665811538696
0.332657128572464
0.32112449407577515
0.32661816477775574
0.33050665259361267
0.3122483789920807
0.42224201560020447
0.40385791659355164
0.31753724813461304
0.307499498128891
0.31064966320991516
0.3059155344963074
0.291264146566391
0.30416902899742126
0.2946191728115082
0.39036333560943604
0.3620871603488922
0.36220583319664
0.36904165148735046
0.35188502073287964
0.36247503757476807
0.35370001196861267
0.3726509213447571
0.38985592126846313
0.39811646938323975
0.4687248766422272
0.46117982268333435
0.3710286617279053
0.32374307513237
0.31870773434638977
0.43655821681022644
0.4433424472808838
0.46880295872688293
0.4647459387779236
0.4509493112564087
0.4418923854827881
0.4358084201812744
0.466605544090271
0.4261080026626587
0.3387167453765869
0.31782054901123047
0.3122749924659729
0.3118273615837097
0.3150688707828522
0.3185362219810486
0.32913336157798767
0.3434794247150421
0.32875075936317444
0.30470824241638184
0.39729243516921997
0.3920106589794159
0.3180621564388275
0.2982412576675415
0.3021114468574524
0.30122116208076477
0.2896527051925659
0.291674941778183
0.2902441620826721
0.38121142983436584
0.3426201641559601
0.3496938645839691
0.37043604254722595
0.3617972731590271
0.36237433552742004
0.3595074713230133
0.38311415910720825
0.38748353719711304
0.38762524724006653
0.46163758635520935
0.4617122709751129
0.3571079969406128
0.3533943295478821
0.3130818009376526
0.44273340702056885
0.43467283248901367
0.4816683530807495
0.47726890444755554
0.4478467106819153
0.42930933833122253
0.42213383316993713
0.44848012924194336
0.370071142911911
0.329508900642395
0.330320805311203
0.3098413050174713
0.3079691231250763
0.3280441462993622
0.31569087505340576
0.314174622297287
0.3331698775291443
0.32373932003974915
0.3136003017425537
0.41139528155326843
0.3709535002708435
0.32796597480773926
0.31017670035362244
0.30965933203697205
0.30610859394073486
0.3099220097064972
0.3020363748073578
0.3040459156036377
0.3726954162120819
0.34900376200675964
0.34496214985847473
0.34184014797210693
0.3752865493297577
0.35933178663253784
0.3740507960319519
0.3858567774295807
0.3941192924976349
0.40238621830940247
0.4574449360370636
0.39143458008766174
0.3523957431316376
0.313048779964447
0.3029051423072815
0.44474396109580994
0.44355958700180054
0.47248008847236633
0.43838417530059814
0.43325191736221313
0.44724127650260925
0.4663330912590027
0.45666372776031494
0.35284337401390076
0.33108389377593994
0.31919705867767334
0.3328114151954651
0.3274734318256378
0.30370715260505676
0.3260062336921692
0.3233017921447754
0.3238583207130432
0.3273618519306183
0.31026574969291687
0.4017539918422699
0.32732972502708435
0.32642862200737
0.300383061170578
0.2995360493659973
0.30094560980796814
0.30119720101356506
0.2974644899368286
0.3453698754310608
0.3696368932723999
0.34613168239593506
0.35809463262557983
0.34331509470939636
0.3426218330860138
0.3680219352245331
0.3889479339122772
0.3682467043399811
0.3857443034648895
0.3852650821208954
0.4585542678833008
0.38263148069381714
0.340130478143692
0.32993844151496887
0.43982067704200745
0.46506673097610474
0.4381484091281891
0.46978646516799927
0.45299381017684937
0.452114075422287
0.4515133500099182
0.4621521234512329
0.4488367438316345
0.3343077301979065
0.3291741907596588
0.31648558378219604
0.3064102530479431
0.32120829820632935
0.3140397071838379
0.3276165723800659
0.33247244358062744
0.3417595326900482
0.32841774821281433
0.3653990924358368
0.40473729372024536
0.3344138264656067
0.32489803433418274
0.304912269115448
0.30104973912239075
0.30787140130996704
0.3097209930419922
0.3008975386619568
0.38784682750701904
0.3660014569759369
0.3520406186580658
0.36207708716392517
0.3605918288230896
0.350085586309433
0.3764234185218811
0.3964463174343109
0.37982526421546936
0.3957887291908264
0.40740594267845154
0.4480631351470947
0.3774968981742859
0.36530056595802307
0.31239768862724304
0.438411682844162
0.45825710892677307
0.45923349261283875
0.4755709171295166
0.4407055079936981
0.43818193674087524
0.4161210060119629
0.466614693403244
0.4411105513572693
0.32362550497055054
0.31489095091819763
0.31468868255615234
0.30957210063934326
0.3187611997127533
0.3178657293319702
0.33373433351516724
0.3186056315898895
0.3203032612800598
0.31210801005363464
0.39847755432128906
0.3964497447013855
0.3113856017589569
0.30267760157585144
0.30218562483787537
0.3015325367450714
0.31227126717567444
0.2963150441646576
0.300778865814209
0.38824954628944397
0.351645827293396
0.3337019979953766
0.3517979383468628
0.35361379384994507
0.3509402275085449
0.3730999529361725
0.3772099018096924
0.3770393133163452
0.3981242775917053
0.45676490664482117
0.4638367295265198
0.3637647032737732
0.33659741282463074
0.3123916685581207
0.43099772930145264
0.44312408566474915
0.48583734035491943
0.4693169593811035
0.4475383460521698
0.4319424331188202
0.41061580181121826
0.4467496871948242
0.4510909914970398
0.3148832619190216
0.2970483601093292
0.31559067964553833
0.30907267332077026
0.3079943358898163
0.31345033645629883
0.31541112065315247
0.3185184895992279
0.32377704977989197
0.30069851875305176
0.3967472016811371
0.389617383480072
0.3001207113265991
0.30434468388557434
0.3064599335193634
0.2953045070171356
0.2978111803531647
0.2929031252861023
0.28502804040908813
0.3649202585220337
0.34877288341522217
0.35246989130973816
0.3436601459980011
0.35355904698371887
0.3468027114868164
0.3626876771450043
0.37495389580726624
0.3843870162963867
0.38515639305114746
0.45926496386528015
0.4578302800655365
0.36810770630836487
0.3122933506965637
0.3052559494972229
0.4299006462097168
0.4467260241508484
0.4877006709575653
0.45717042684555054
0.4418124556541443
0.41728800535202026
0.43530014157295227
0.4587709307670593
0.3506408631801605
0.3241063952445984
0.3059707581996918
0.31754523515701294
0.3135095238685608
0.32667428255081177
0.31864938139915466
0.33109697699546814
0.3332069516181946
0.3270420432090759
0.32205602526664734
0.42239677906036377
0.38239338994026184
0.31540945172309875
0.3116385042667389
0.2957180142402649
0.3049335479736328
0.2927756905555725
0.29162952303886414
0.30214402079582214
0.37725576758384705
0.3554437458515167
0.3510931730270386
0.3499434292316437
0.36389052867889404
0.37244507670402527
0.367326945066452
0.3831474483013153
0.3819292187690735
0.3976231813430786
0.4520977735519409
0.38305792212486267
0.354372501373291
0.31864088773727417
0.3242573142051697
0.43388548493385315
0.4313283860683441
0.4687986373901367
0.4478752017021179
0.42210179567337036
0.4402468204498291
0.4559650719165802
0.4418496787548065
0.3345763087272644
0.3401782512664795
0.31816786527633667
0.33620190620422363
0.32221463322639465
0.30041202902793884
0.3226340413093567
0.3115980923175812
0.33066946268081665
0.31509312987327576
0.31287288665771484
0.3949805498123169
0.31914862990379333
0.30336156487464905
0.3001645505428314
0.3083043694496155
0.30266663432121277
0.288698673248291
0.28771084547042847
0.340520977973938
0.36250874400138855
0.3415921628475189
0.36162370443344116
0.3451165556907654
0.3454602360725403
0.3622360825538635
0.4048548638820648
0.36492905020713806
0.3795953691005707
0.3933188021183014
0.46087151765823364
0.3803609311580658
0.35716283321380615
0.31976640224456787
0.4410443902015686
0.4499298334121704
0.44000640511512756
0.4613247513771057
0.4516821503639221
0.4510543942451477
0.42650339007377625
0.44845932722091675
0.43310901522636414
0.3201432228088379
0.30884334444999695
0.3152672350406647
0.3082928955554962
0.31976866722106934
0.30039530992507935
0.3235842287540436
0.32081180810928345
0.3336862325668335
0.3294299840927124
0.34683969616889954
0.37982669472694397
0.32928651571273804
0.30433398485183716
0.29651594161987305
0.3003441095352173
0.29354530572891235
0.29677873849868774
0.30037394165992737
0.37735557556152344
0.36665835976600647
0.33863261342048645
0.3544570803642273
0.35095810890197754
0.35146352648735046
0.3594849109649658
0.3908185362815857
0.3705357313156128
0.39207467436790466
0.4057401716709137
0.4605538249015808
0.36957982182502747
0.35162118077278137
0.300426185131073
0.4354443848133087
0.4659677743911743
0.45178696513175964
0.4718859791755676
0.4370443820953369
0.4280289113521576
0.43312785029411316
0.44615089893341064
0.4433910548686981
0.32450613379478455
0.3112824261188507
0.30692964792251587
0.3092925250530243
0.29976657032966614
0.3041476905345917
0.330808162689209
0.3088650405406952
0.31485068798065186
0.3100322186946869
0.3995334804058075
0.390159010887146
0.31357476115226746
0.302516371011734
0.28493157029151917
0.2866774797439575
0.2887905538082123
0.28852131962776184
0.28252744674682617
0.36984607577323914
0.3475622832775116
0.35461893677711487
0.3502971827983856
0.34655115008354187
0.35437285900115967
0.35017210245132446
0.3628239631652832
0.37669864296913147
0.39595741033554077
0.4562608599662781
0.44152987003326416
0.3608270287513733
0.3232123553752899
0.29061272740364075
0.42412206530570984
0.45319244265556335
0.47077736258506775
0.47938498854637146
0.44605767726898193
0.41151097416877747
0.4233059287071228
0.4515901803970337
0.431412011384964
0.31454113125801086
0.30636289715766907
0.3216104805469513
0.3137064576148987
0.3131582736968994
0.30181851983070374
0.33130982518196106
0.32165923714637756
0.3064526915550232
0.2953800559043884
0.39813467860221863
0.3843052387237549
0.29492661356925964
0.29397597908973694
0.2958561182022095
0.289326548576355
0.28835827112197876
0.28684279322624207
0.276297390460968
0.3642370402812958
0.3316625952720642
0.3439083993434906
0.3439565598964691
0.35305872559547424
0.3496560752391815
0.351650208234787
0.36743879318237305
0.3927713632583618
0.3905702829360962
0.45635196566581726
0.4590291380882263
0.35941892862319946
0.32686546444892883
0.2938440442085266
0.422622412443161
0.43384966254234314
0.4889979660511017
0.4698016345500946
0.441429078578949
0.429971843957901
0.4222342073917389
0.4598172605037689
0.34215810894966125
0.3071858882904053
0.3126659095287323
0.30245664715766907
0.30116006731987
0.3116222321987152
0.3163488805294037
0.32108834385871887
0.3106961250305176
0.30597370862960815
0.29910808801651
0.4004223346710205
0.35645434260368347
0.30282771587371826
0.30442750453948975
0.2990749180316925
0.281415194272995
0.28297463059425354
0.28221938014030457
0.29496610164642334
0.3706645369529724
0.3532131016254425
0.35209032893180847
0.32462459802627563
0.35826846957206726
0.3544684648513794
0.3574754595756531
0.3794076442718506
0.3765239417552948
0.38431358337402344
0.44703176617622375
0.3662240505218506
0.341765433549881
0.309169739484787
0.31120264530181885
0.4282246232032776
0.44239315390586853
0.47103893756866455
0.4341854751110077
0.44465434551239014
0.4316827356815338
0.46752604842185974
0.4457954168319702
0.3269065022468567
0.32362958788871765
0.31118538975715637
0.31023576855659485
0.31690651178359985
0.3144179582595825
0.3248871862888336
0.31904906034469604
0.3154580295085907
0.33364900946617126
0.3116321563720703
0.38500311970710754
0.3044564425945282
0.29865625500679016
0.2796497941017151
0.30181562900543213
0.2896449565887451
0.2850286662578583
0.29629889130592346
0.3375328481197357
0.37990033626556396
0.3492450714111328
0.3555043935775757
0.3479267358779907
0.3395508825778961
0.3589039444923401
0.38260865211486816
0.3657190203666687
0.38219866156578064
0.38707563281059265
0.4474150836467743
0.36803239583969116
0.351434588432312
0.3224492371082306
0.42226848006248474
0.4519171416759491
0.4304133951663971
0.45741403102874756
0.4311566948890686
0.42917248606681824
0.4313315749168396
0.45446744561195374
0.44277480244636536
0.32157379388809204
0.31245723366737366
0.31123289465904236
0.3079244792461395
0.3309144079685211
0.31175002455711365
0.31443601846694946
0.3219943940639496
0.31658875942230225
0.321589857339859
0.3316389322280884
0.37341800332069397
0.31990140676498413
0.30481278896331787
0.2845613658428192
0.2924729287624359
0.27390891313552856
0.2943853735923767
0.27445927262306213
0.36803317070007324
0.3458748757839203
0.3312702775001526
0.3496187627315521
0.3495001196861267
0.3378960192203522
0.35475534200668335
0.3844059109687805
0.37061595916748047
0.3833463788032532
0.39652466773986816
0.4505201578140259
0.3534652590751648
0.34957167506217957
0.3149159252643585
0.4253956377506256
0.4535646140575409
0.4432470202445984
0.45787087082862854
0.4528845250606537
0.43108871579170227
0.4178524613380432
0.4553180932998657
0.4316539764404297
0.30466145277023315
0.3202376663684845
0.29458871483802795
0.29817068576812744
0.3041100800037384
0.31128010153770447
0.3465413451194763
0.31801894307136536
0.3341943919658661
0.32780972123146057
0.39691033959388733
0.389475554227829
0.2996754050254822
0.2948382794857025
0.2855589985847473
0.2992486357688904
0.28442057967185974
0.2899787724018097
0.28524431586265564
0.371314138174057
0.3550029695034027
0.3590003252029419
0.3491251766681671
0.3480617105960846
0.3443168103694916
0.3505335748195648
0.3755671977996826
0.36489444971084595
0.39798301458358765
0.45909103751182556
0.45862245559692383
0.35324087738990784
0.310294508934021
0.30745601654052734
0.4295184016227722
0.43846485018730164
0.4637610912322998
0.46911194920539856
0.44918614625930786
0.416721373796463
0.4241657257080078
0.45198360085487366
0.434667706489563
0.3025118410587311
0.30708521604537964
0.30908283591270447
0.3052702844142914
0.2989417314529419
0.3045974671840668
0.31485337018966675
0.31874457001686096
0.3082107603549957
0.28968098759651184
0.38637053966522217
0.38422760367393494
0.3205685615539551
0.29560351371765137
0.2884415090084076
0.2988886833190918
0.2938232123851776
0.2980996370315552
0.27776283025741577
0.3627556562423706
0.34906724095344543
0.3410341441631317
0.32595258951187134
0.3527156114578247
0.3506859242916107
0.35258233547210693
0.369610071182251
0.3799663484096527
0.3887830674648285
0.45555421710014343
0.453872412443161
0.34529992938041687
0.33137276768684387
0.29479140043258667
0.4169815480709076
0.4316120743751526
0.48287075757980347
0.45736163854599
0.41766825318336487
0.4240472614765167
0.42262405157089233
0.45385313034057617
0.3620225489139557
0.32606127858161926
0.3110848069190979
0.31350794434547424
0.3066529929637909
0.33083653450012207
0.30937352776527405
0.3166588246822357
0.30028048157691956
0.3183742165565491
0.3194187879562378
0.41113460063934326
0.35367974638938904
0.3117293417453766
0.2930106222629547
0.2865580916404724
0.2876591384410858
0.2950666546821594
0.2862766683101654
0.2896345257759094
0.3526664078235626
0.3523600697517395
0.3446630835533142
0.3478200137615204
0.35757043957710266
0.35614871978759766
0.3606645166873932
0.3816964626312256
0.39209893345832825
0.3786088526248932
0.44933879375457764
0.3692544996738434
0.33332371711730957
0.31522297859191895
0.3730473220348358
0.4237178862094879
0.4393126964569092
0.4758155643939972
0.4375540316104889
0.43624386191368103
0.42795130610466003
0.4727296531200409
0.45655903220176697
0.3300614356994629
0.3251529037952423
0.30846238136291504
0.311372309923172
0.3316265642642975
0.3210775852203369
0.31327131390571594
0.32099783420562744
0.3356156349182129
0.3272954225540161
0.3190758228302002
0.3856181204319
0.32569167017936707
0.31372615694999695
0.30017411708831787
0.29069146513938904
0.29957208037376404
0.30725306272506714
0.30435121059417725
0.350999653339386
0.37060150504112244
0.3526480197906494
0.3522702157497406
0.3452259302139282
0.3567574620246887
0.3635352551937103
0.3922506868839264
0.36714914441108704
0.3871610760688782
0.3801004886627197
0.45316025614738464
0.3783019185066223
0.3468138575553894
0.31227555871009827
0.44820740818977356
0.4502967298030853
0.43033885955810547
0.4550604522228241
0.42892998456954956
0.42559924721717834
0.4304776191711426
0.46143385767936707
0.42544543743133545
0.32190558314323425
0.3194167912006378
0.3191882371902466
0.3135669231414795
0.31825849413871765
0.31434690952301025
0.31286436319351196
0.32312852144241333
0.3373212516307831
0.33839812874794006
0.3332809805870056
0.38769853115081787
0.3097204566001892
0.2970806360244751
0.29572466015815735
0.28565478324890137
0.2864969074726105
0.2839290499687195
0.2878056764602661
0.37569206953048706
0.36168229579925537
0.34938305616378784
0.3623276650905609
0.34844064712524414
0.3513469994068146
0.36625581979751587
0.37677493691444397
0.3693329989910126
0.38684725761413574
0.3915517032146454
0.4465618133544922
0.3593222200870514
0.3556792140007019
0.3146437704563141
0.4197429120540619
0.4600699543952942
0.43956589698791504
0.46565327048301697
0.4304274916648865
0.4218520224094391
0.42491433024406433
0.45158493518829346
0.4562743902206421
0.3120885491371155
0.3159984052181244
0.29926708340644836
0.308523952960968
0.3036436438560486
0.3142251670360565
0.32104843854904175
0.30992573499679565
0.3226771354675293
0.3098665475845337
0.3830816149711609
0.3783082664012909
0.29213768243789673
0.2920164465904236
0.29693761467933655
0.2954483926296234
0.2930162250995636
0.2965443432331085
0.28627288341522217
0.3658463954925537
0.3445998430252075
0.34170493483543396
0.33546069264411926
0.35678350925445557
0.3398687541484833
0.3561769127845764
0.37642422318458557
0.3731526732444763
0.3896075487136841
0.4516148269176483
0.44996723532676697
0.34780770540237427
0.32666152715682983
0.30065637826919556
0.4228302836418152
0.43835607171058655
0.4608779549598694
0.46679186820983887
0.42921552062034607
0.4253177046775818
0.41619744896888733
0.45145460963249207
0.43633654713630676
0.31693509221076965
0.31246352195739746
0.29463472962379456
0.29849717020988464
0.3134247362613678
0.3013729751110077
0.32050812244415283
0.3155982196331024
0.31362929940223694
0.2949995696544647
0.39992329478263855
0.3853057026863098
0.30923375487327576
0.28211233019828796
0.30487963557243347
0.27281177043914795
0.28729188442230225
0.29583457112312317
0.2791002690792084
0.36679163575172424
0.33649584650993347
0.3513495624065399
0.3355211913585663
0.34648194909095764
0.3400651216506958
0.34615370631217957
0.3650493025779724
0.3897705376148224
0.3912869691848755
0.45006394386291504
0.45188719034194946
0.34074902534484863
0.319857656955719
0.3015393614768982
0.4253835678100586
0.4214749336242676
0.4689963459968567
0.4600249230861664
0.42589443922042847
0.40809255838394165
0.418668657541275
0.4623388946056366
0.34264957904815674
0.3086716830730438
0.3107605576515198
0.30376842617988586
0.30176037549972534
0.2990628182888031
0.3008517026901245
0.3033870756626129
0.3080921471118927
0.31690120697021484
0.30559760332107544
0.3958372175693512
0.3508070707321167
0.29474326968193054
0.2974831759929657
0.27706149220466614
0.2726100981235504
0.286556214094162
0.2824190557003021
0.2944231927394867
0.36655545234680176
0.34784841537475586
0.3392701745033264
0.332478791475296
0.3635992109775543
0.3450573682785034
0.36874502897262573
0.37036705017089844
0.3757454752922058
0.402305006980896
0.46124371886253357
0.3743709623813629
0.3311658799648285
0.32083776593208313
0.31846123933792114
0.41962000727653503
0.4451107084751129
0.4674363136291504
0.42852240800857544
0.41385477781295776
0.4279496967792511
0.44972822070121765
0.44676992297172546
0.30725255608558655
0.32310372591018677
0.3162890374660492
0.32075056433677673
0.3260655701160431
0.2989058792591095
0.3172156512737274
0.31107646226882935
0.31990665197372437
0.3108648955821991
0.3177911341190338
0.38303831219673157
0.3042141795158386
0.3019907474517822
0.2895687520503998
0.2843170464038849
0.2889357805252075
0.28800228238105774
0.2957203686237335
0.33719784021377563
0.361434668302536
0.34289175271987915
0.3549639582633972
0.32952842116355896
0.3354089856147766
0.3533934950828552
0.3763841390609741
0.3541138172149658
0.37487903237342834
0.38246482610702515
0.44776004552841187
0.3705793619155884
0.3435124158859253
0.308282732963562
0.43701115250587463
0.46361327171325684
0.43408671021461487
0.47039076685905457
0.4315222203731537
0.4287259876728058
0.4356399178504944
0.4599384665489197
0.43573951721191406
0.33797794580459595
0.307303249835968
0.3137446343898773
0.3173595368862152
0.3209271728992462
0.31922703981399536
0.316058486700058
0.322029173374176
0.3302759528160095
0.31626349687576294
0.34866636991500854
0.3769198954105377
0.3215497136116028
0.2985061705112457
0.2866475582122803
0.2817743420600891
0.28176507353782654
0.2850003242492676
0.28121495246887207
0.3758297264575958
0.3529301583766937
0.3398405611515045
0.34544578194618225
0.3427603542804718
0.33513036370277405
0.3486134707927704
0.37466681003570557
0.3659973442554474
0.3782764971256256
0.39770635962486267
0.4430024027824402
0.3634186089038849
0.34480977058410645
0.30674588680267334
0.4268094599246979
0.45145195722579956
0.44011789560317993
0.45535486936569214
0.4372076392173767
0.4208223819732666
0.41673457622528076
0.4362899661064148
0.43866366147994995
0.295171856880188
0.3303135633468628
0.34238818287849426
0.3337501287460327
0.34153634309768677
0.32496166229248047
0.33851420879364014
0.33038386702537537
0.32571595907211304
0.3172294795513153
0.41631752252578735
0.4056899845600128
0.3137154281139374
0.3081865608692169
0.28837183117866516
0.2960166335105896
0.2995421290397644
0.2976064682006836
0.2930140197277069
0.37420016527175903
0.3521532416343689
0.3475111424922943
0.34125858545303345
0.3532254099845886
0.3401432931423187
0.3479312062263489
0.36127081513404846
0.3745124638080597
0.3871205151081085
0.45354458689689636
0.43321946263313293
0.3593791723251343
0.3322240710258484
0.29969823360443115
0.4326286017894745
0.4448219835758209
0.4643608629703522
0.47466418147087097
0.4274986684322357
0.42295125126838684
0.412914901971817
0.4453982710838318
0.4342787563800812
0.2954285144805908
0.31605055928230286
0.30490657687187195
0.30628448724746704
0.30764034390449524
0.29989996552467346
0.3214889466762543
0.31000274419784546
0.31563377380371094
0.2942683696746826
0.38940393924713135
0.3745989203453064
0.31457194685935974
0.28530505299568176
0.28818774223327637
0.27836936712265015
0.2874062657356262
0.28536537289619446
0.2862568795681
0.3613111078739166
0.3395492434501648
0.3475748896598816
0.3433506190776825
0.3547556698322296
0.34517014026641846
0.356350302696228
0.3723237216472626
0.3820517957210541
0.3839893341064453
0.46198153495788574
0.44644033908843994
0.3404516577720642
0.30239397287368774
0.30444303154945374
0.4198049306869507
0.42667561769485474
0.4830024838447571
0.4605942666530609
0.4218142628669739
0.42039430141448975
0.41695648431777954
0.4577006697654724
0.351730614900589
0.3206489384174347
0.30902913212776184
0.30461910367012024
0.3065378963947296
0.30898043513298035
0.31548547744750977
0.30833733081817627
0.3036257028579712
0.3057471513748169
0.3185431957244873
0.3947294056415558
0.35919681191444397
0.29880931973457336
0.29170727729797363
0.27719998359680176
0.2813683748245239
0.29042932391166687
0.27278751134872437
0.28630968928337097
0.364786833524704
0.3298949897289276
0.3324427008628845
0.32215040922164917
0.35229068994522095
0.3555263876914978
0.35996490716934204
0.3784078061580658
0.37259918451309204
0.38441652059555054
0.45953887701034546
0.3500821590423584
0.34442248940467834
0.31149449944496155
0.3050684332847595
0.4155791401863098
0.43263518810272217
0.46490174531936646
0.44058117270469666
0.4132327139377594
0.41233617067337036
0.44477251172065735
0.4355592727661133
0.3215363919734955
0.3094405233860016
0.294322669506073
0.31832507252693176
0.3204505145549774
0.2867187261581421
0.30473461747169495
0.3074555993080139
0.323562890291214
0.30608758330345154
0.31837788224220276
0.3929901719093323
0.3126278519630432
0.29484111070632935
0.29449427127838135
0.28435149788856506
0.2801755964756012
0.2726004123687744
0.2865702211856842
0.33157476782798767
0.3674546182155609
0.33475181460380554
0.3444148004055023
0.3299242854118347
0.3444417417049408
0.34476563334465027
0.3774738311767578
0.37130042910575867
0.45596903562545776
0.3863149583339691
0.45276740193367004
0.37759464979171753
0.33937403559684753
0.3133336901664734
0.42142507433891296
0.4467509984970093
0.43741604685783386
0.4679870307445526
0.4163788855075836
0.42838340997695923
0.4230043590068817
0.44861435890197754
0.4400396943092346
0.30757543444633484
0.3211662471294403
0.30177217721939087
0.301251620054245
0.3189753592014313
0.3032218813896179
0.31517019867897034
0.32007837295532227
0.31447064876556396
0.31595471501350403
0.3244503438472748
0.38149702548980713
0.30524373054504395
0.28548717498779297
0.28418365120887756
0.290751576423645
0.2757592797279358
0.28920167684555054
0.2878017723560333
0.3582513630390167
0.3550289273262024
0.3332531154155731
0.34721770882606506
0.3323402404785156
0.3289481997489929
0.3621162176132202
0.36955857276916504
0.3598238229751587
0.3731738328933716
0.38308143615722656
0.44283217191696167
0.3527010977268219
0.3288383483886719
0.2925245761871338
0.4201010763645172
0.45319119095802307
0.4469831883907318
0.4706912040710449
0.4393703043460846
0.4148162603378296
0.4151381254196167
0.4325796663761139
0.43867796659469604
0.3041337728500366
0.30518630146980286
0.30403026938438416
0.2956894338130951
0.30097833275794983
0.2968323230743408
0.317036509513855
0.3057897388935089
0.3044179379940033
0.296068400144577
0.38332298398017883
0.38814812898635864
0.29795145988464355
0.2869746685028076
0.29830044507980347
0.2786051034927368
0.2750932574272156
0.281242698431015
0.27943578362464905
0.3698861598968506
0.34347468614578247
0.34708723425865173
0.3537028133869171
0.3362717032432556
0.3346458971500397
0.3421800136566162
0.36196762323379517
0.36521798372268677
0.38244298100471497
0.44888320565223694
0.44103631377220154
0.348751038312912
0.3039104640483856
0.297325998544693
0.4111548662185669
0.43480992317199707
0.4529661238193512
0.4695340692996979
0.4333731532096863
0.40517088770866394
0.4073173403739929
0.4506201148033142
0.4301232397556305
0.30846065282821655
0.3262830078601837
0.3081414997577667
0.29849106073379517
0.3007890284061432
0.30219125747680664
0.3318469226360321
0.3077629506587982
0.31489771604537964
0.2902391850948334
0.3770295977592468
0.3868129253387451
0.28779566287994385
0.2951555550098419
0.2784397304058075
0.2705119550228119
0.2861919105052948
0.2836616635322571
0.271451473236084
0.3654962182044983
0.3370646834373474
0.3391965627670288
0.3103909492492676
0.34942999482154846
0.3453269600868225
0.34752294421195984
0.3723735213279724
0.373907208442688
0.3855147957801819
0.4507642090320587
0.45156821608543396
0.3470160663127899
0.30885055661201477
0.31301143765449524
0.41753995418548584
0.4310826361179352
0.4763122797012329
0.4655919671058655
0.4250374138355255
0.4150906205177307
0.40943142771720886
0.4552542269229889
0.33644524216651917
0.31026357412338257
0.32723045349121094
0.30081623792648315
0.29333412647247314
0.30570369958877563
0.29898715019226074
0.3138370215892792
0.31805670261383057
0.3153674006462097
0.29462236166000366
0.3903767168521881
0.3534281551837921
0.28523650765419006
0.300836443901062
0.29373839497566223
0.28622227907180786
0.28424137830734253
0.26752984523773193
0.2823143005371094
0.35636743903160095
0.33274710178375244
0.33096686005592346
0.3324344754219055
0.3439628779888153
0.3491857945919037
0.3647170662879944
0.36314648389816284
0.37432441115379333
0.372202068567276
0.4635396897792816
0.3676775395870209
0.34141281247138977
0.30990809202194214
0.3163072466850281
0.4201352894306183
0.4293020963668823
0.477580726146698
0.4260607659816742
0.4365745782852173
0.4165366291999817
0.4541064202785492
0.4293206036090851
0.3249477446079254
0.31409451365470886
0.3212894797325134
0.3227137625217438
0.3205244541168213
0.30161961913108826
0.31834620237350464
0.3181726634502411
0.3193390965461731
0.31832155585289
0.3184727430343628
0.39586129784584045
0.3087221384048462
0.3080822825431824
0.2958064675331116
0.27883070707321167
0.28328201174736023
0.2827119827270508
0.2896365821361542
0.3407699167728424
0.36662557721138
0.340936541557312
0.33780863881111145
0.32974183559417725
0.3391014337539673
0.3525184690952301
0.37827932834625244
0.368545264005661
0.3815171718597412
0.38556984066963196
0.46382683515548706
0.3590976297855377
0.343400776386261
0.36957329511642456
0.41692349314689636
0.4377860724925995
0.45363155007362366
0.45835161209106445
0.4337732493877411
0.41905927658081055
0.4062969386577606
0.4448477327823639
0.4310603439807892
0.3114878535270691
0.30947422981262207
0.29896825551986694
0.31679391860961914
0.31740063428878784
0.29932159185409546
0.30290260910987854
0.3147609829902649
0.31256812810897827
0.3225373327732086
0.32196640968322754
0.36943984031677246
0.302372545003891
0.28880220651626587
0.2827536165714264
0.2851148545742035
0.28546494245529175
0.2828601598739624
0.2856346368789673
0.36281558871269226
0.3549569249153137
0.3191010355949402
0.353246808052063
0.33587026596069336
0.33858048915863037
0.35908401012420654
0.3630916178226471
0.35978081822395325
0.38089868426322937
0.39046043157577515
0.44819796085357666
0.3470764756202698
0.33757421374320984
0.3019515872001648
0.42277249693870544
0.45454174280166626
0.43659284710884094
0.45874372124671936
0.4312193691730499
0.43015214800834656
0.41242703795433044
0.44906920194625854
0.4290909767150879
0.30889198184013367
0.3176560401916504
0.30214741826057434
0.3105987310409546
0.31441015005111694
0.3012816607952118
0.31616392731666565
0.30643242597579956
0.3077605962753296
0.29096314311027527
0.3732191026210785
0.381952166557312
0.28775298595428467
0.2911853492259979
0.2703820765018463
0.27635425329208374
0.28415966033935547
0.2861175239086151
0.2798647880554199
0.3602503538131714
0.3357555866241455
0.334068238735199
0.3399757146835327
0.3341732919216156
0.33739757537841797
0.34696295857429504
0.3657620847225189
0.3714262545108795
0.39366862177848816
0.4326936602592468
0.43965670466423035
0.3492334485054016
0.3190583288669586
0.29942435026168823
0.4388400614261627
0.4341924488544464
0.4611469507217407
0.47728314995765686
0.4155770242214203
0.41916584968566895
0.4063718020915985
0.44557639956474304
0.4266619384288788
0.3079077899456024
0.29638001322746277
0.29343485832214355
0.2935609519481659
0.31031736731529236
0.29213911294937134
0.2970997393131256
0.3175342381000519
0.3171829283237457
0.300651878118515
0.39115801453590393
0.40046966075897217
0.3086680769920349
0.2957063913345337
0.293062686920166
0.28416189551353455
0.2851777672767639
0.28338301181793213
0.2812364995479584
0.3592623770236969
0.3394313454627991
0.35887637734413147
0.32687610387802124
0.3509199917316437
0.3370734453201294
0.34044691920280457
0.36676785349845886
0.37938904762268066
0.37053990364074707
0.45209038257598877
0.46869057416915894
0.3472626507282257
0.30456599593162537
0.2917495667934418
0.4129360020160675
0.42921677231788635
0.4791663587093353
0.462197870016098
0.4315768778324127
0.4154272675514221
0.4238671660423279
0.4461941123008728
0.3523455858230591
0.31728750467300415
0.29465824365615845
0.3126779794692993
0.2987510561943054
0.30839571356773376
0.29806050658226013
0.31775152683258057
0.3118091821670532
0.31919658184051514
0.30047476291656494
0.40333449840545654
0.348049134016037
0.2915712594985962
0.29273951053619385
0.29298967123031616
0.2899376451969147
0.28277090191841125
0.2928248941898346
0.283841609954834
0.3617268204689026
0.3470562696456909
0.34095636010169983
0.31991973519325256
0.345633864402771
0.35031408071517944
0.3628622591495514
0.3728770911693573
0.3650423288345337
0.3939513862133026
0.449843168258667
0.3557794690132141
0.36651143431663513
0.30227208137512207
0.3072633445262909
0.4337793290615082
0.43942999839782715
0.4725903272628784
0.43302446603775024
0.4388118386268616
0.41257455945014954
0.45852676033973694
0.44166409969329834
0.3270830512046814
0.3184887170791626
0.29886114597320557
0.3233809471130371
0.3098410665988922
0.3026120066642761
0.3031889796257019
0.32123124599456787
0.3142502009868622
0.3077695369720459
0.30477145314216614
0.3767625391483307
0.30325189232826233
0.3071906864643097
0.28823018074035645
0.2806575298309326
0.29652926325798035
0.2794189155101776
0.27637919783592224
0.342012882232666
0.36155253648757935
0.3335159718990326
0.34150391817092896
0.33647266030311584
0.33716881275177
0.3545207977294922
0.37335169315338135
0.36178717017173767
0.3778160810470581
0.3906714618206024
0.4533229172229767
0.3457616865634918
0.3356854021549225
0.3000519275665283
0.42612093687057495
0.4451771378517151
0.4279579222202301
0.4622650742530823
0.4312307834625244
0.41482558846473694
0.4326341450214386
0.4533471167087555
0.43117037415504456
0.2955648899078369
0.31249377131462097
0.306700199842453
0.3120810091495514
0.31377995014190674
0.2909172475337982
0.3033210039138794
0.311953604221344
0.31307893991470337
0.31686341762542725
0.3234274089336395
0.3882596492767334
0.32896408438682556
0.290567547082901
0.28552189469337463
0.27306121587753296
0.281945139169693
0.282107412815094
0.2689194083213806
0.35864153504371643
0.3427632749080658
0.33296212553977966
0.33745837211608887
0.33397191762924194
0.3347664177417755
0.35298073291778564
0.3635058104991913
0.34756872057914734
0.3769671320915222
0.40308523178100586
0.44577139616012573
0.34693098068237305
0.3301907181739807
0.29659679532051086
0.4283413887023926
0.45951151847839355
0.4477092921733856
0.468138724565506
0.4242207109928131
0.4084899425506592
0.408654123544693
0.43621060252189636
0.4469815790653229
0.3053191602230072
0.3087107837200165
0.3019595742225647
0.28851407766342163
0.28893980383872986
0.2981705665588379
0.312823623418808
0.30575501918792725
0.3142184019088745
0.2894608676433563
0.3831569254398346
0.38789865374565125
0.3013273775577545
0.28149163722991943
0.2763622999191284
0.2879129648208618
0.2749088406562805
0.28709128499031067
0.2799498736858368
0.36511853337287903
0.33378705382347107
0.33176931738853455
0.33111000061035156
0.3469221889972687
0.33198344707489014
0.34093204140663147
0.35617563128471375
0.35722097754478455
0.392421692609787
0.44632086157798767
0.43750786781311035
0.337505578994751
0.3175705075263977
0.32222968339920044
0.4142828583717346
0.42032554745674133
0.4631510376930237
0.46765491366386414
0.42567119002342224
0.4196683466434479
0.4180625081062317
0.4586297869682312
0.4339613914489746
0.31432533264160156
0.321772038936615
0.297895222902298
0.294760525226593
0.30816736817359924
0.30226561427116394
0.305284708738327
0.3098241686820984
0.31989502906799316
0.3095661997795105
0.38429510593414307
0.37020111083984375
0.2841322422027588
0.28205418586730957
0.27352067828178406
0.26735198497772217
0.2739766538143158
0.29224130511283875
0.2861175239086151
0.35087674856185913
0.33425402641296387
0.33920785784721375
0.32722002267837524
0.3353341817855835
0.33333373069763184
0.3469636142253876
0.37398263812065125
0.3712950050830841
0.3830580413341522
0.44888854026794434
0.45426931977272034
0.33441969752311707
0.30571481585502625
0.29033327102661133
0.41722285747528076
0.42850422859191895
0.4822728633880615
0.4630444049835205
0.4098818898200989
0.42046648263931274
0.4136911630630493
0.4489142894744873
0.3347664177417755
0.32756003737449646
0.3132067024707794
0.30795609951019287
0.30768561363220215
0.310824453830719
0.2998943030834198
0.3187852203845978
0.3257710635662079
0.2975308895111084
0.30106765031814575
0.39225101470947266
0.35962533950805664
0.30155298113822937
0.27628403902053833
0.2791759669780731
0.2808370292186737
0.2826370894908905
0.2949615716934204
0.2815846800804138
0.3589881360530853
0.33950069546699524
0.33944937586784363
0.32246503233909607
0.34750017523765564
0.3422514498233795
0.3510269522666931
0.37817448377609253
0.36901259422302246
0.3839912414550781
0.451824814081192
0.3578394055366516
0.3429361581802368
0.2973879277706146
0.311896950006485
0.41936376690864563
0.4269781708717346
0.4692758619785309
0.43110737204551697
0.4149109125137329
0.42277929186820984
0.45921340584754944
0.4466467797756195
0.31359174847602844
0.30423444509506226
0.3050262928009033
0.32181936502456665
0.29770299792289734
0.29385095834732056
0.306851327419281
0.34388455748558044
0.30715829133987427
0.30704638361930847
0.3094498813152313
0.38596534729003906
0.29763466119766235
0.2939623296260834
0.28809261322021484
0.2906196713447571
0.2802750766277313
0.2805580198764801
0.27654317021369934
0.3321453034877777
0.366174578666687
0.3313663601875305
0.341617614030838
0.3359048366546631
0.33701878786087036
0.35081058740615845
0.38094446063041687
0.36202484369277954
0.37702369689941406
0.3761345148086548
0.45319363474845886
0.36467719078063965
0.34017449617385864
0.2997083067893982
0.43014803528785706
0.4399295151233673
0.4322616457939148
0.4565795958042145
0.4202978014945984
0.42604193091392517
0.4120805859565735
0.458247572183609
0.4339614510536194
0.3308340609073639
0.3176628649234772
0.2903481423854828
0.3208770453929901
0.3176826238632202
0.2926740050315857
0.32391390204429626
0.30978935956954956
0.3063281178474426
0.3100753128528595
0.3154448866844177
0.3672358989715576
0.29944586753845215
0.27859851717948914
0.26873070001602173
0.27682504057884216
0.28569158911705017
0.27602624893188477
0.27276450395584106
0.37292560935020447
0.3446250557899475
0.3365802764892578
0.3401881754398346
0.33958113193511963
0.33078059554100037
0.35437437891960144
0.3814389407634735
0.36634284257888794
0.3788209557533264
0.38402262330055237
0.4428100287914276
0.34489500522613525
0.3359246850013733
0.2996727228164673
0.4318920075893402
0.4419636130332947
0.4439972937107086
0.4543426036834717
0.41483932733535767
0.4112422466278076
0.41030555963516235
0.43684762716293335
0.43499475717544556
0.29707393050193787
0.3058430552482605
0.3035019338130951
0.28521597385406494
0.2885969877243042
0.30799171328544617
0.3154608905315399
0.30040112137794495
0.3054647445678711
0.2919149696826935
0.37865781784057617
0.37441256642341614
0.28869637846946716
0.2749952971935272
0.27759140729904175
0.28082937002182007
0.2697865962982178
0.2692573368549347
0.2770775556564331
0.3577164113521576
0.336217999458313
0.33605802059173584
0.3428315818309784
0.3457948565483093
0.36069849133491516
0.3569034934043884
0.36090150475502014
0.3652850091457367
0.38904985785484314
0.4572369456291199
0.4421696364879608
0.35613441467285156
0.3081178665161133
0.3110957741737366
0.4430096447467804
0.44350484013557434
0.463746041059494
0.47302067279815674
0.42828884720802307
0.41742488741874695
0.4103320240974426
0.4530463218688965
0.4285742938518524
0.30507850646972656
0.3126022219657898
0.3015044033527374
0.3041752576828003
0.2920101284980774
0.3052847385406494
0.31267061829566956
0.31970131397247314
0.3051149249076843
0.28488147258758545
0.38249364495277405
0.3622404932975769
0.2897353768348694
0.2870822548866272
0.27287888526916504
0.2716514766216278
0.2722959816455841
0.27707692980766296
0.28521257638931274
0.34739360213279724
0.3278922140598297
0.3287193179130554
0.3332987427711487
0.3401748538017273
0.3472774624824524
0.34178298711776733
0.36007747054100037
0.3886474072933197
0.38718992471694946
0.4511934220790863
0.45196858048439026
0.3226909041404724
0.2955421209335327
0.2838279902935028
0.40316206216812134
0.415234237909317
0.4734053611755371
0.4646158218383789
0.4211329221725464
0.41971924901008606
0.4122922122478485
0.43198034167289734
0.34663325548171997
0.31710830330848694
0.32642611861228943
0.32046186923980713
0.30183500051498413
0.3067020773887634
0.2986246943473816
0.3114047050476074
0.3050636053085327
0.3032669126987457
0.29856398701667786
0.38691121339797974
0.3512071371078491
0.2908180058002472
0.27815210819244385
0.2857641279697418
0.2728540599346161
0.27008071541786194
0.28030797839164734
0.28911522030830383
0.3609824776649475
0.328716516494751
0.3358330726623535
0.30518364906311035
0.3438912332057953
0.3435625731945038
0.3587009012699127
0.3694358170032501
0.37150511145591736
0.37761926651000977
0.45571351051330566
0.3545011878013611
0.3302563428878784
0.2951955199241638
0.2835187315940857
0.411786824464798
0.4328414797782898
0.46270620822906494
0.4102977216243744
0.43414202332496643
0.41967272758483887
0.44849783182144165
0.4384711980819702
0.32556474208831787
0.315581738948822
0.2940751612186432
0.32324305176734924
0.3037254810333252
0.2945956587791443
0.30989164113998413
0.30504173040390015
0.30768120288848877
0.30820152163505554
0.31407731771469116
0.38367676734924316
0.29358142614364624
0.2949780523777008
0.2875292897224426
0.27327415347099304
0.2765217423439026
0.285144567489624
0.27702030539512634
0.3324315845966339
0.3660261332988739
0.33193373680114746
0.33953702449798584
0.3397098183631897
0.3334357440471649
0.3461059331893921
0.3768310844898224
0.3663299083709717
0.37132319808006287
0.3867512047290802
0.45157840847969055
0.35349535942077637
0.33403775095939636
0.30432629585266113
0.4141156077384949
0.4347671866416931
0.43359842896461487
0.4596244692802429
0.4267560541629791
0.41581520438194275
0.4209754467010498
0.4468497335910797
0.4254773259162903
0.33544889092445374
0.32976841926574707
0.3278987407684326
0.3190602660179138
0.3165769577026367
0.31770777702331543
0.3071249723434448
0.3174324333667755
0.32007938623428345
0.31823140382766724
0.33657705783843994
0.37439823150634766
0.3066513240337372
0.29232245683670044
0.2874380648136139
0.2880313992500305
0.2729657292366028
0.2761297821998596
0.29580187797546387
0.35299035906791687
0.34454846382141113
0.34465348720550537
0.3425598442554474
0.3364926874637604
0.33090895414352417
0.35312774777412415
0.37998318672180176
0.3520088493824005
0.3811485171318054
0.39486274123191833
0.45861393213272095
0.3407953977584839
0.34708213806152344
0.3061225414276123
0.41433724761009216
0.44962766766548157
0.4472775161266327
0.47415268421173096
0.4323131740093231
0.4120553731918335
0.4161545932292938
0.44538506865501404
0.4350755512714386
0.29238390922546387
0.31119677424430847
0.29643964767456055
0.2985956370830536
0.3008398115634918
0.3102884590625763
0.3027644157409668
0.3112369775772095
0.32771292328834534
0.2953086793422699
0.3841884434223175
0.3771219253540039
0.29783472418785095
0.29096949100494385
0.27496907114982605
0.2744533121585846
0.2721152901649475
0.2863155007362366
0.2886567711830139
0.36138081550598145
0.3379306495189667
0.34262198209762573
0.34006616473197937
0.33914557099342346
0.3323623538017273
0.33833539485931396
0.35106679797172546
0.3649034798145294
0.3829193115234375
0.45186808705329895
0.45042684674263
0.3390706479549408
0.3107917010784149
0.2955608367919922
0.41178539395332336
0.42853814363479614
0.44842231273651123
0.46346089243888855
0.41543155908584595
0.40113672614097595
0.41007858514785767
0.43895506858825684
0.43506428599357605
0.2957233190536499
0.299588680267334
0.3040754199028015
0.30503153800964355
0.29309549927711487
0.3082978129386902
0.31617194414138794
0.2980067729949951
0.31527674198150635
0.30187904834747314
0.378033846616745
0.37566426396369934
0.2886950373649597
0.28180623054504395
0.27971240878105164
0.2706751525402069
0.2829478979110718
0.2825905680656433
0.2877154052257538
0.3574371635913849
0.3357272148132324
0.337607204914093
0.3315429985523224
0.33728790283203125
0.32082000374794006
0.3428533375263214
0.35634180903434753
0.36556410789489746
0.3748631775379181
0.4615996778011322
0.4564054012298584
0.33030903339385986
0.31669774651527405
0.27400627732276917
0.41292712092399597
0.41539397835731506
0.4697176218032837
0.470745712518692
0.4294714033603668
0.4144943356513977
0.42759421467781067
0.4448685646057129
0.322415828704834
0.3046743869781494
0.3059397041797638
0.31458780169487
0.30362626910209656
0.31854885816574097
0.30877238512039185
0.3086777627468109
0.30279311537742615
0.32182174921035767
0.2969277501106262
0.3821792006492615
0.3506207764148712
0.2829669415950775
0.2778306305408478
0.2833433747291565
0.2679821252822876
0.27935856580734253
0.2776981592178345
0.28080588579177856
0.35569748282432556
0.33978843688964844
0.3296057879924774
0.3015967607498169
0.34273695945739746
0.3378382921218872
0.352593332529068
0.36980703473091125
0.3693089187145233
0.3782319724559784
0.46122702956199646
0.3453208804130554
0.33668866753578186
0.28931862115859985
0.3005814254283905
0.42519739270210266
0.4467582404613495
0.4764406681060791
0.4218067526817322
0.4239501655101776
0.4122235178947449
0.44727715849876404
0.4427201747894287
0.30678391456604004
0.2965288460254669
0.29333221912384033
0.30979564785957336
0.3142375648021698
0.28716784715652466
0.31361910700798035
0.30254197120666504
0.31329724192619324
0.3145076334476471
0.30553609132766724
0.38150152564048767
0.287555456161499
0.28924065828323364
0.27297836542129517
0.27443382143974304
0.277896523475647
0.2818787693977356
0.27096131443977356
0.3303486704826355
0.3585105240345001
0.3342207372188568
0.32874181866645813
0.3318658769130707
0.322452574968338
0.3395674526691437
0.3723655939102173
0.36109408736228943
0.37418487668037415
0.3844626545906067
0.45175492763519287
0.3577530086040497
0.34797903895378113
0.29786157608032227
0.4141160547733307
0.4289226531982422
0.42697712779045105
0.45065805315971375
0.41648370027542114
0.4157235026359558
0.4128130078315735
0.436688095331192
0.4347929358482361
0.29424184560775757
0.3045172393321991
0.29710638523101807
0.30757468938827515
0.3097399175167084
0.3003009259700775
0.3080276846885681
0.3124886751174927
0.3136965036392212
0.3112885057926178
0.3239710032939911
0.3679591119289398
0.29545143246650696
0.2910294532775879
0.27181276679039
0.27192947268486023
0.2885104715824127
0.28454816341400146
0.27934491634368896
0.35267356038093567
0.34580934047698975
0.32891422510147095
0.33994990587234497
0.3316414952278137
0.3441009223461151
0.33829233050346375
0.3648732006549835
0.3630136251449585
0.37956365942955017
0.3889762759208679
0.45112407207489014
0.3468807339668274
0.34166762232780457
0.32725048065185547
0.4124417006969452
0.44809988141059875
0.4470475912094116
0.45970284938812256
0.4228701889514923
0.4202926754951477
0.407490611076355
0.4407976567745209
0.4285449683666229
0.29935312271118164
0.29618605971336365
0.31041476130485535
0.3048591911792755
0.30576837062835693
0.3141309320926666
0.3221518397331238
0.3147982060909271
0.3135494887828827
0.28572580218315125
0.3646795153617859
0.38281986117362976
0.28174301981925964
0.27982333302497864
0.2774195373058319
0.27196577191352844
0.2715590000152588
0.28422898054122925
0.2933419644832611
0.36802512407302856
0.3294897675514221
0.3281431198120117
0.3322449028491974
0.3405514359474182
0.3374543786048889
0.3407967686653137
0.35464900732040405
0.3504783511161804
0.387673944234848
0.4393993020057678
0.44338974356651306
0.3197162449359894
0.2953445315361023
0.2945413589477539
0.41720977425575256
0.4270225465297699
0.455000102519989
0.46194618940353394
0.4127574861049652
0.39978283643722534
0.4051305651664734
0.45925042033195496
0.42480242252349854
0.304149329662323
0.3045850098133087
0.3084031045436859
0.3074025511741638
0.3002312183380127
0.3190220594406128
0.3086370527744293
0.30552202463150024
0.3133452832698822
0.2932770848274231
0.38366761803627014
0.36625662446022034
0.2875646650791168
0.27440327405929565
0.27725476026535034
0.26877790689468384
0.2907699942588806
0.2789990305900574
0.2717840075492859
0.35260850191116333
0.32903268933296204
0.3410307765007019
0.3229779005050659
0.34009116888046265
0.3350435793399811
0.34797874093055725
0.36559128761291504
0.36849552392959595
0.37247321009635925
0.467008113861084
0.4482300281524658
0.34431350231170654
0.29561957716941833
0.28586095571517944
0.4103306531906128
0.4190821349620819
0.49155816435813904
0.4728104770183563
0.4276948571205139
0.4184615910053253
0.4229268729686737
0.461601197719574
0.3263193964958191
0.3057495057582855
0.3016238212585449
0.30445921421051025
0.29663971066474915
0.3003391623497009
0.30445992946624756
0.3089367747306824
0.30536526441574097
0.31018000841140747
0.29710251092910767
0.3841980993747711
0.3351745903491974
0.2893688380718231
0.2734902501106262
0.2828245162963867
0.26985037326812744
0.2652479410171509
0.2835503816604614
0.3023184537887573
0.3459165394306183
0.33347588777542114
0.31957295536994934
0.32338830828666687
0.3482043445110321
0.34689804911613464
0.35139063000679016
0.37429994344711304
0.36119329929351807
0.38569846749305725
0.44500863552093506
0.34816399216651917
0.31803810596466064
0.30892330408096313
0.2820620536804199
0.4139033555984497
0.43581053614616394
0.46549275517463684
0.4257161617279053
0.4197337031364441
0.4211321175098419
0.4524088203907013
0.4272649586200714
0.3070416748523712
0.30396363139152527
0.3068443834781647
0.30478015542030334
0.3058204650878906
0.2875528633594513
0.31419020891189575
0.3193446099758148
0.3083846867084503
0.3157936632633209
0.3045896589756012
0.3768998086452484
0.2947865128517151
0.2879801392555237
0.2780752182006836
0.2728099822998047
0.28220033645629883
0.27276232838630676
0.2806779444217682
0.3332929313182831
0.35956889390945435
0.33732789754867554
0.3417944610118866
0.3222366273403168
0.33631080389022827
0.3485746383666992
0.37846606969833374
0.36565110087394714
0.37530702352523804
0.38030365109443665
0.45514893531799316
0.340040922164917
0.3263385593891144
0.28009554743766785
0.40561217069625854
0.4403553903102875
0.444585382938385
0.4536047875881195
0.4255189299583435
0.4236745834350586
0.40130242705345154
0.4495304822921753
0.43934178352355957
0.30151769518852234
0.30311235785484314
0.30234524607658386
0.3092397153377533
0.3119622468948364
0.2987760007381439
0.3131806552410126
0.3131135106086731
0.32032814621925354
0.3210427463054657
0.3243899941444397
0.3650873005390167
0.32594791054725647
0.289000928401947
0.28581634163856506
0.2673991620540619
0.27245575189590454
0.28304538130760193
0.2730938792228699
0.35347655415534973
0.34908586740493774
0.33127859234809875
0.3482893705368042
0.32502061128616333
0.34409353137016296
0.33558210730552673
0.37568414211273193
0.3629722595214844
0.3847346305847168
0.3886812925338745
0.4528614580631256
0.3424525260925293
0.32899266481399536
0.310590922832489
0.42038366198539734
0.4448605179786682
0.44296348094940186
0.4738697409629822
0.43103304505348206
0.4068858027458191
0.4092726409435272
0.4459693431854248
0.4451180696487427
0.29046666622161865
0.3187013268470764
0.31364309787750244
0.29484403133392334
0.2902126908302307
0.3179084062576294
0.31177735328674316
0.3170347511768341
0.30846333503723145
0.30224883556365967
0.37495386600494385
0.37974560260772705
0.27824997901916504
0.2829698324203491
0.27913594245910645
0.2717594802379608
0.2885828912258148
0.2829227149486542
0.2818656861782074
0.35394614934921265
0.3446885049343109
0.3191400468349457
0.32675477862358093
0.3477310538291931
0.33090609312057495
0.34091466665267944
0.34985196590423584
0.35752302408218384
0.3833039402961731
0.45774880051612854
0.45375439524650574
0.3196742534637451
0.305519700050354
0.2825864255428314
0.40763646364212036
0.4259418547153473
0.4569489359855652
0.47055190801620483
0.429429829120636
0.3953494429588318
0.41671767830848694
0.45796534419059753
0.43935123085975647
0.292450487613678
0.30062049627304077
0.32287096977233887
0.29985859990119934
0.2993565797805786
0.2966521382331848
0.30719444155693054
0.30601733922958374
0.31627026200294495
0.2921063005924225
0.37496230006217957
0.37696507573127747
0.27674293518066406
0.275947630405426
0.28328555822372437
0.26612594723701477
0.2795199453830719
0.2680079936981201
0.273298978805542
0.34339433908462524
0.32759755849838257
0.33211058378219604
0.3138085901737213
0.3392087519168854
0.3374853730201721
0.35110971331596375
0.366700142621994
0.3708743751049042
0.3758813440799713
0.46208497881889343
0.4607694149017334
0.3336731493473053
0.2886713445186615
0.2933637797832489
0.39866116642951965
0.4189017713069916
0.4782422184944153
0.46609142422676086
0.40734627842903137
0.423978328704834
0.4186703860759735
0.45282042026519775
0.3166782557964325
0.302411824464798
0.2932042181491852
0.3030000925064087
0.2957663834095001
0.3071048855781555
0.3022315800189972
0.30385345220565796
0.303934246301651
0.30650296807289124
0.2963460683822632
0.3799573481082916
0.3515050709247589
0.29288041591644287
0.28369423747062683
0.27762943506240845
0.2814967632293701
0.27915844321250916
0.29451292753219604
0.2694592773914337
0.3562905788421631
0.337802916765213
0.32609960436820984
0.31817537546157837
0.33600255846977234
0.33200687170028687
0.3566232919692993
0.3659486174583435
0.37562811374664307
0.3843477964401245
0.4570792317390442
0.34079381823539734
0.33131158351898193
0.2923608124256134
0.3003382980823517
0.4214036464691162
0.4359283745288849
0.47179150581359863
0.4108694791793823
0.4243941605091095
0.42794832587242126
0.4565858244895935
0.4402785301208496
0.2986408472061157
0.30284297466278076
0.2918683886528015
0.30575093626976013
0.31505265831947327
0.2938127815723419
0.31070011854171753
0.3137442171573639
0.31467682123184204
0.30269402265548706
0.30290186405181885
0.3808402717113495
0.2882860004901886
0.28666722774505615
0.2903085947036743
0.2822069525718689
0.2832964360713959
0.2782207131385803
0.2850472927093506
0.3230707347393036
0.3588258922100067
0.33586230874061584
0.33274179697036743
0.32482942938804626
0.34497904777526855
0.35306793451309204
0.37522223591804504
0.3519836664199829
0.37313851714134216
0.3802139163017273
0.45973044633865356
0.3431488275527954
0.3380286693572998
0.2976706027984619
0.3955495059490204
0.44503816962242126
0.42217880487442017
0.45773589611053467
0.42509639263153076
0.41745758056640625
0.41008031368255615
0.4562680423259735
0.4285010099411011
0.2941020727157593
0.3088919222354889
0.288955956697464
0.29398614168167114
0.30364611744880676
0.2830730676651001
0.3113785982131958
0.32707327604293823
0.3189396858215332
0.29167723655700684
0.3153674602508545
0.37153977155685425
0.2910727858543396
0.2811275124549866
0.2730574309825897
0.2704932987689972
0.2682371735572815
0.2813683748245239
0.26612740755081177
0.3509761691093445
0.34189528226852417
0.3317660391330719
0.3360649049282074
0.3287977874279022
0.3334026336669922
0.33959999680519104
0.35989704728126526
0.3559202551841736
0.3729032576084137
0.3846987783908844
0.44782915711402893
0.3397671580314636
0.34032660722732544
0.2832503318786621
0.4082428812980652
0.45465201139450073
0.44447317719459534
0.45613595843315125
0.42852240800857544
0.41184595227241516
0.4115357995033264
0.44948703050613403
0.4458267092704773
0.2945041060447693
0.2991800606250763
0.30850979685783386
0.311939001083374
0.2939818501472473
0.3031344711780548
0.3110581934452057
0.31500712037086487
0.30433452129364014
0.3027750849723816
0.3592223525047302
0.37324509024620056
0.2873089909553528
0.2739349901676178
0.27719512581825256
0.27541011571884155
0.29400116205215454
0.28250643610954285
0.27807462215423584
0.3473711311817169
0.3379531800746918
0.3380865156650543
0.3291984498500824
0.3340243399143219
0.3319454789161682
0.3335338830947876
0.3536512553691864
0.35976624488830566
0.38615280389785767
0.4562489092350006
0.45520803332328796
0.32936516404151917
0.29002249240875244
0.2808744013309479
0.40949690341949463
0.4386947453022003
0.45127931237220764
0.47260716557502747
0.4309529662132263
0.41294270753860474
0.402274489402771
0.46019554138183594
0.43136510252952576
0.31072884798049927
0.2885153293609619
0.2974342703819275
0.30899277329444885
0.3091283142566681
0.2868848145008087
0.32390815019607544
0.31293752789497375
0.30848416686058044
0.28519803285598755
0.3769077658653259
0.36265334486961365
0.2719469368457794
0.27730002999305725
0.2721066474914551
0.27586743235588074
0.2691917419433594
0.28278741240501404
0.2846989035606384
0.35359954833984375
0.3377094268798828
0.3359476923942566
0.3098782002925873
0.32455042004585266
0.3393504023551941
0.34485554695129395
0.36030668020248413
0.37821701169013977
0.380707323551178
0.4551345705986023
0.4545031785964966
0.3245573043823242
0.2993769645690918
0.29456353187561035
0.4130938947200775
0.42702826857566833
0.4648640751838684
0.474328875541687
0.4142385423183441
0.4164590835571289
0.4102581739425659
0.45923155546188354
0.3161042332649231
0.30449265241622925
0.30070361495018005
0.2888774275779724
0.29557403922080994
0.2943897843360901
0.2968723475933075
0.3066268265247345
0.31269705295562744
0.3079065978527069
0.2906815707683563
0.38152462244033813
0.3478492498397827
0.29468196630477905
0.27539411187171936
0.27526164054870605
0.27065134048461914
0.2821938097476959
0.2823057174682617
0.2778734564781189
0.3436984419822693
0.3368353545665741
0.3266937732696533
0.30627456307411194
0.34855422377586365
0.33317816257476807
0.3510604500770569
0.3542650640010834
0.3671014904975891
0.38360923528671265
0.4559672474861145
0.33651667833328247
0.32794198393821716
0.29941609501838684
0.2993227243423462
0.4212966561317444
0.4258391857147217
0.4719753861427307
0.4187367260456085
0.4161621928215027
0.4129052758216858
0.44628822803497314
0.43941330909729004
0.28534916043281555
0.28498896956443787
0.2977572977542877
0.32276198267936707
0.31387946009635925
0.30205634236335754
0.3029388189315796
0.31324100494384766
0.3114680051803589
0.30961519479751587
0.2976137697696686
0.3756243586540222
0.2914547324180603
0.29565104842185974
0.29037484526634216
0.2811562716960907
0.27909913659095764
0.27727434039115906
0.27783456444740295
0.3199998438358307
0.3613799810409546
0.33386796712875366
0.34652256965637207
0.3137456774711609
0.3263263702392578
0.3391457498073578
0.3705064356327057
0.36172354221343994
0.37848883867263794
0.37124139070510864
0.4560733735561371
0.3410264253616333
0.3333086371421814
0.30736973881721497
0.4151120185852051
0.4451621472835541
0.41638970375061035
0.4570681154727936
0.4086441993713379
0.40865227580070496
0.4180035889148712
0.462033212184906
0.4249131679534912
0.29643505811691284
0.2989233136177063
0.2898097038269043
0.28852683305740356
0.312695175409317
0.29083454608917236
0.30641093850135803
0.29793134331703186
0.3167009651660919
0.3064210116863251
0.32093262672424316
0.3557330071926117
0.2907288670539856
0.27998825907707214
0.2731947600841522
0.2852592170238495
0.2837371230125427
0.2727974057197571
0.2835170328617096
0.3451407551765442
0.34765559434890747
0.3335568904876709
0.3406365215778351
0.32955169677734375
0.32364583015441895
0.34368523955345154
0.36380282044410706
0.3558202087879181
0.38753044605255127
0.39651232957839966
0.44792529940605164
0.32956209778785706
0.33274969458580017
0.29709872603416443
0.4114812910556793
0.4377414882183075
0.4382210075855255
0.4633013606071472
0.42728766798973083
0.40876269340515137
0.41731494665145874
0.43802639842033386
0.4158327579498291
0.30393892526626587
0.3033829927444458
0.30632585287094116
0.3017852008342743
0.28950047492980957
0.3032003939151764
0.30264365673065186
0.3009624481201172
0.30591970682144165
0.28749942779541016
0.3790595829486847
0.3651578724384308
0.27782678604125977
0.29526370763778687
0.2672167718410492
0.262553870677948
0.2782083749771118
0.28537100553512573
0.2739172577857971
0.34679752588272095
0.3317050039768219
0.3523392677307129
0.3192257881164551
0.3376343846321106
0.33539074659347534
0.33449065685272217
0.3519919514656067
0.3591189682483673
0.3762015402317047
0.45689627528190613
0.4490257799625397
0.33188745379447937
0.2913074493408203
0.2760714590549469
0.416375994682312
0.4253605306148529
0.46033260226249695
0.4649375081062317
0.42476686835289
0.39780884981155396
0.39741748571395874
0.4482695758342743
0.4356365203857422
0.2877795100212097
0.3032169044017792
0.3010261356830597
0.2935420870780945
0.2877693474292755
0.2964256703853607
0.2996705174446106
0.3128774166107178
0.29954078793525696
0.29047828912734985
0.37139278650283813
0.36119595170021057
0.2792036235332489
0.28014951944351196
0.2716245651245117
0.2729548513889313
0.28656232357025146
0.2727665603160858
0.2710348963737488
0.3473607301712036
0.3285672962665558
0.3396199643611908
0.32017821073532104
0.3306575417518616
0.3354491889476776
0.34407323598861694
0.3583037555217743
0.3737059235572815
0.37664273381233215
0.45140403509140015
0.4629862904548645
0.32967469096183777
0.2888665199279785
0.27666106820106506
0.41257697343826294
0.4199834167957306
0.4824216663837433
0.46787965297698975
0.41827452182769775
0.4221573770046234
0.3988601863384247
0.4451715052127838
0.323831170797348
0.30300942063331604
0.2881915867328644
0.3017232418060303
0.2981736361980438
0.30664095282554626
0.30789914727211
0.30288881063461304
0.3111172318458557
0.3103024959564209
0.29007580876350403
0.3722132444381714
0.3410743474960327
0.29325106739997864
0.27353179454803467
0.27108490467071533
0.26778873801231384
0.2649109363555908
0.28334641456604004
0.28414422273635864
0.33771592378616333
0.3309513032436371
0.3212999701499939
0.3181559145450592
0.3332110345363617
0.3439808785915375
0.34708449244499207
0.36547937989234924
0.37069666385650635
0.3656826615333557
0.4380628764629364
0.3386150002479553
0.32653364539146423
0.28511175513267517
0.2797812521457672
0.40808865427970886
0.4293619394302368
0.47244495153427124
0.4216506779193878
0.4217824935913086
0.40691077709198
0.4460241496562958
0.4357682466506958
0.28876134753227234
0.29455429315567017
0.303681880235672
0.29679545760154724
0.3062320649623871
0.29185712337493896
0.3009672462940216
0.31100672483444214
0.31384164094924927
0.31174543499946594
0.29707929491996765
0.3829917907714844
0.28263580799102783
0.28946956992149353
0.2785804569721222
0.26535823941230774
0.2810218036174774
0.2700151205062866
0.2711246609687805
0.32473987340927124
0.3484169840812683
0.3315112590789795
0.3316285312175751
0.3242869973182678
0.326092392206192
0.34235602617263794
0.3717557191848755
0.3491511344909668
0.36518219113349915
0.3755802512168884
0.44660618901252747
0.33708396553993225
0.32175636291503906
0.2924012839794159
0.41532620787620544
0.4216534495353699
0.4291669726371765
0.46495580673217773
0.42591533064842224
0.4002486765384674
0.40083563327789307
0.4454740285873413
0.4257844090461731
0.28673699498176575
0.3193889856338501
0.3038522005081177
0.3140040338039398
0.3190721571445465
0.30709126591682434
0.30624833703041077
0.3048343360424042
0.3139418065547943
0.3085528314113617
0.304974764585495
0.36394473910331726
0.2887618839740753
0.28627607226371765
0.2738947868347168
0.28123602271080017
0.26568281650543213
0.2816323935985565
0.2729656994342804
0.34822019934654236
0.341079443693161
0.32215070724487305
0.333070307970047
0.32904714345932007
0.3297813832759857
0.33592113852500916
0.368669331073761
0.35343146324157715
0.3816961944103241
0.3911256492137909
0.4539399743080139
0.3406018018722534
0.34172335267066956
0.2853800058364868
0.4063194692134857
0.43966183066368103
0.4399234354496002
0.4692576825618744
0.41678136587142944
0.4145009517669678
0.41605517268180847
0.4495343267917633
0.426013320684433
0.2905011773109436
0.30334118008613586
0.2856188118457794
0.29473963379859924
0.2941107749938965
0.3056768774986267
0.31549957394599915
0.3044017255306244
0.30560362339019775
0.28958138823509216
0.35803642868995667
0.3662674129009247
0.2826889753341675
0.28073954582214355
0.26330485939979553
0.26435109972953796
0.27563926577568054
0.27473995089530945
0.2746429741382599
0.34694287180900574
0.3359697461128235
0.32811272144317627
0.3179137408733368
0.32627132534980774
0.33651766180992126
0.34118974208831787
0.34846824407577515
0.36308908462524414
0.3752337098121643
0.44205406308174133
0.4422297775745392
0.3263794481754303
0.30604881048202515
0.29526254534721375
0.40943577885627747
0.4337712228298187
0.44590091705322266
0.46985313296318054
0.4203552007675171
0.3961371183395386
0.3958474099636078
0.4436863958835602
0.424697607755661
0.2771814167499542
0.29741403460502625
0.2975894510746002
0.2988518178462982
0.2878212034702301
0.29013168811798096
0.30152928829193115
0.309844434261322
0.3109082579612732
0.2864944040775299
0.37405499815940857
0.37000611424446106
0.2872270941734314
0.267071932554245
0.27843785285949707
0.27596965432167053
0.2883806824684143
0.2810288965702057
0.2695528268814087
0.3389069139957428
0.3200135827064514
0.34870457649230957
0.3131856322288513
0.33117708563804626
0.33717355132102966
0.3461329936981201
0.3588167428970337
0.3638578951358795
0.3745671510696411
0.45962586998939514
0.4536418914794922
0.3303599953651428
0.2846508026123047
0.28214436769485474
0.39464277029037476
0.4203217029571533
0.47041913866996765
0.4533953070640564
0.4386078119277954
0.414052277803421
0.41560661792755127
0.4619085192680359
0.32135680317878723
0.3001142144203186
0.2802833020687103
0.30595114827156067
0.29762277007102966
0.3034484088420868
0.28716933727264404
0.29986125230789185
0.30179309844970703
0.31151312589645386
0.29671788215637207
0.3777213990688324
0.34135082364082336
0.292306512594223
0.27381497621536255
0.2641780376434326
0.282429039478302
0.2634645104408264
0.2776419222354889
0.2709190845489502
0.35330983996391296
0.32279789447784424
0.31900474429130554
0.30827176570892334
0.35852986574172974
0.3442176878452301
0.35142070055007935
0.37753576040267944
0.3578397035598755
0.3716152310371399
0.4444648027420044
0.3281339406967163
0.3226385712623596
0.2903134822845459
0.29358652234077454
0.41619881987571716
0.43581458926200867
0.4684407711029053
0.42591243982315063
0.4157344400882721
0.4139529764652252
0.4452846646308899
0.4292241930961609
0.29300418496131897
0.28316012024879456
0.2813708186149597
0.297553151845932
0.30658966302871704
0.2851766049861908
0.2973262369632721
0.30271637439727783
0.30366766452789307
0.3002885580062866
0.3030926287174225
0.36229631304740906
0.28939226269721985
0.2848178446292877
0.28753355145454407
0.2700759470462799
0.28137117624282837
0.2789674401283264
0.28674453496932983
0.33661118149757385
0.3422621786594391
0.33094438910484314
0.34087374806404114
0.31852415204048157
0.32860806584358215
0.3337918519973755
0.3660426735877991
0.3524824380874634
0.36306092143058777
0.3787569999694824
0.44873207807540894
0.35093092918395996
0.32899466156959534
0.2851940095424652
0.39214077591896057
0.4270358979701996
0.42190632224082947
0.4486583471298218
0.41810142993927
0.4045512080192566
0.42105066776275635
0.4482268989086151
0.4203360676765442
0.2677314579486847
0.30751243233680725
0.2951812446117401
0.29500335454940796
0.29800617694854736
0.29434964060783386
0.3118205964565277
0.31056952476501465
0.29779279232025146
0.31944018602371216
0.3208303153514862
0.3661019802093506
0.29370859265327454
0.2744860053062439
0.26933470368385315
0.2660028636455536
0.2681073844432831
0.2773813009262085
0.2970695197582245
0.35201790928840637
0.3433546721935272
0.3317132890224457
0.33469417691230774
0.3179119825363159
0.31993862986564636
0.35321855545043945
0.3710590898990631
0.3646048605442047
0.3763064742088318
0.3803774118423462
0.43406400084495544
0.3323970437049866
0.3335505723953247
0.2818886935710907
0.40051230788230896
0.43563348054885864
0.4356995224952698
0.4444977045059204
0.4336163401603699
0.41462191939353943
0.40751099586486816
0.43457698822021484
0.43768900632858276
0.27110588550567627
0.28766942024230957
0.2928803861141205
0.27802973985671997
0.2991761565208435
0.297794908285141
0.311351478099823
0.30346962809562683
0.29984474182128906
0.2849731743335724
0.3592381179332733
0.37676531076431274
0.2783313989639282
0.27610522508621216
0.2745514214038849
0.2696063220500946
0.2622336745262146
0.26517850160598755
0.2793121039867401
0.3429677188396454
0.3296361267566681
0.3319130837917328
0.32457226514816284
0.33479800820350647
0.3378680646419525
0.34707194566726685
0.34399500489234924
0.3612518012523651
0.3718898594379425
0.44022560119628906
0.43289914727211
0.3222886025905609
0.2915428578853607
0.2768094539642334
0.3983381390571594
0.4358161687850952
0.447878897190094
0.45951423048973083
0.41562584042549133
0.4065127670764923
0.41416576504707336
0.45239946246147156
0.4258004128932953
0.28387802839279175
0.2856556475162506
0.30282825231552124
0.2934463918209076
0.3035532832145691
0.2936483919620514
0.31128355860710144
0.316509872674942
0.29966458678245544
0.28854796290397644
0.3788972496986389
0.35273706912994385
0.274740993976593
0.27987703680992126
0.27188584208488464
0.2798060476779938
0.2688535749912262
0.2750685214996338
0.27967703342437744
0.3388718366622925
0.3396509289741516
0.33027270436286926
0.3161202371120453
0.3333622217178345
0.33884263038635254
0.3401828110218048
0.36230722069740295
0.36074522137641907
0.37098947167396545
0.4327010214328766
0.4313141405582428
0.3216197192668915
0.2810041606426239
0.27239230275154114
0.39281004667282104
0.4248799979686737
0.4579668343067169
0.47340720891952515
0.41653329133987427
0.4405939280986786
0.4072440564632416
0.441895455121994
0.2997153401374817
0.2907711863517761
0.275349885225296
0.2967994511127472
0.30115649104118347
0.2944493591785431
0.2978873550891876
0.31144392490386963
0.3020879030227661
0.3128441274166107
0.2975453734397888
0.36191311478614807
0.3448350131511688
0.26536640524864197
0.2814962863922119
0.27405738830566406
0.2679211497306824
0.275723934173584
0.2653752565383911
0.2823795974254608
0.3427619934082031
0.32319143414497375
0.32859012484550476
0.31431660056114197
0.3426319360733032
0.3415548801422119
0.35562407970428467
0.3514704704284668
0.361730694770813
0.3769458830356598
0.4336221218109131
0.3409200608730316
0.3242321014404297
0.27691614627838135
0.2858647406101227
0.4080088436603546
0.42171621322631836
0.45832738280296326
0.4088558256626129
0.41824373602867126
0.41850730776786804
0.43312063813209534
0.43826866149902344
0.27146846055984497
0.28489553928375244
0.2917064130306244
0.29734453558921814
0.303506463766098
0.2826627790927887
0.29991161823272705
0.29852303862571716
0.3049582540988922
0.3094698190689087
0.30628398060798645
0.3737945258617401
0.28390491008758545
0.2931024134159088
0.283394455909729
0.2732027471065521
0.2825421988964081
0.2728094160556793
0.27067869901657104
0.31507015228271484
0.3553709089756012
0.3286159038543701
0.3315504491329193
0.3323346972465515
0.32450008392333984
0.3400120139122009
0.3483639657497406
0.3460516631603241
0.3607455790042877
0.374003529548645
0.44017520546913147
0.3504175841808319
0.32749634981155396
0.2821063995361328
